N <-
50L
x <-
c(0.999506560365732, 0.99556196460308, 0.987688340595138, 0.975916761938747, 
0.960293685676943, 0.940880768954225, 0.917754625683981, 0.891006524188368, 
0.860742027003944, 0.827080574274562, 0.79015501237569, 0.75011106963046, 
0.707106781186548, 0.661311865323652, 0.612907053652976, 0.562083377852131, 
0.509041415750371, 0.453990499739547, 0.397147890634781, 0.338737920245291, 
0.278991106039229, 0.218143241396543, 0.156434465040231, 0.0941083133185143, 
0.0314107590781284, -0.0314107590781283, -0.0941083133185144, 
-0.156434465040231, -0.218143241396542, -0.278991106039229, -0.338737920245291, 
-0.397147890634781, -0.453990499739547, -0.509041415750371, -0.562083377852131, 
-0.612907053652977, -0.661311865323652, -0.707106781186547, -0.75011106963046, 
-0.79015501237569, -0.827080574274562, -0.860742027003944, -0.891006524188368, 
-0.917754625683981, -0.940880768954225, -0.960293685676943, -0.975916761938747, 
-0.987688340595138, -0.99556196460308, -0.999506560365732)
y <-
structure(c(-0.0664709549673664, -0.0670708505967901, -0.0680111321001545, 
-0.0687426961794581, -0.068375581153732, -0.0656269144308488, 
-0.0588043236197941, -0.045881199179867, -0.024741295536746, 
0.00631563433274969, 0.0477209783016981, 0.0973925139375253, 
0.149147083361843, 0.190981727239491, 0.203693962588322, 0.160790996610332, 
0.0317864782824305, -0.205933609084973, -0.534948470344375, -0.834435609986213, 
-0.853747302069453, -0.454806683396755, 0.078997265196159, 0.393006161944521, 
0.435855882091362, 0.32099446232398, 0.159529594938211, 0.0187703696800018, 
-0.0719785709671886, -0.109018165456259, -0.103328620410109, 
-0.07188509869824, -0.0313790084153667, 0.00552534890535974, 
0.0315835533646342, 0.044575812311761, 0.0458926606886285, 0.0388363882929098, 
0.0271621283497047, 0.0141117299902134, 0.00196305761989491, 
-0.00802223072202651, -0.015416505036976, -0.0203560589359108, 
-0.0232820862180371, -0.0247417644689169, -0.0252607005910869, 
-0.0252762377217062, -0.0251127286310407, -0.0249799542048564
), .Dim = 50L)
