N <-
20L
K <-
20L
x_obs <-
c(0.996917333733128, 0.972369920397677, 0.923879532511287, 0.852640164354092, 
0.760405965600031, 0.649448048330184, 0.522498564715949, 0.38268343236509, 
0.233445363855905, 0.078459095727845, -0.0784590957278449, -0.233445363855905, 
-0.38268343236509, -0.522498564715949, -0.649448048330184, -0.760405965600031, 
-0.852640164354092, -0.923879532511287, -0.972369920397677, -0.996917333733128
)
y_obs <-
c(0.993844170297569, 0.945503262094184, 0.853553390593274, 0.726995249869773, 
0.578217232520115, 0.421782767479885, 0.273004750130227, 0.146446609406726, 
0.0544967379058161, 0.00615582970243115, 0.00615582970243113, 
0.054496737905816, 0.146446609406726, 0.273004750130227, 0.421782767479884, 
0.578217232520115, 0.726995249869773, 0.853553390593274, 0.945503262094184, 
0.993844170297569)
