N <-
3L
K <-
3L
x <-
c(0.866025403784439, 0, -0.866025403784439)
y <-
structure(c(0.75, 0, 0.75), .Dim = 3L)
